ambient[]={0.368627,0.368627,1.000000,1.000000};
diffuse[]={0.368627,0.368627,1.000000,1.000000};
forcedDiffuse[]={0.368627,0.368627,1.000000,0.000000};
emmisive[]={0.549020,0.549020,1.000000,1.000000};
specular[]={0.000000,0.000000,0.000000,0.000000};
specularPower=0.000000;
PixelShaderID="Normal";
VertexShaderID="Basic";
