ambient[]={10.000000,10.000000,100.000000,1.000000};
diffuse[]={1.000000,1.000000,1.000000,1.000000};
forcedDiffuse[]={1.000000,1.000000,1.000000,0.000000};
emmisive[]={10.000000,10.000000,10.000000,1.000000};
specular[]={0.000000,0.000000,0.000000,0.000000};
specularPower=0.000000;
PixelShaderID="Normal";
VertexShaderID="Basic";
