ambient[]={1.000000,1.000000,1.000000,0.100000};
diffuse[]={1.000000,1.000000,1.000000,0.100000};
forcedDiffuse[]={0.000000,0.000000,0.000000,0.000000};
emmisive[]={0.000000,0.000000,0.000000,1.000000};
specular[]={0.000000,0.000000,0.000000,1.000000};
specularPower=1.000000;
PixelShaderID="Normal";
VertexShaderID="Basic";
